1 136
2 136
3 136
4 136
5 136
6 144
7 144
8 144
9 144
10 144
11 156
12 156
13 156
14 156
15 156
16 164
17 576
18 576
19 576
20 588
21 596
22 596
23 604
24 604
25 604
26 612
27 652
28 724
29 744
30 744
31 752
32 752
33 752
34 752
35 752
36 760
37 872
38 872
39 912
40 912
41 952
42 952
43 1008
44 1036
45 1068
46 1096
47 1096
48 1140
49 1140
50 1184
51 1192
52 1220
53 1220
54 1240
55 1240
56 1304
57 1304
58 1304
59 1336
60 1336
61 1400
62 1768
63 2668
64 2688
65 2688
66 2696
67 2696
68 2696
69 2696
70 2696
71 2704
72 2704
73 2704
74 2712
75 2712
76 2720
77 2724
78 2724
79 2724
80 2724
81 2732
82 2732
83 2732
84 2732
85 2732
86 2740
87 2744
88 2744
89 2748
90 2748
91 2756
92 2756
93 2756
94 2756
95 2756
96 2768
97 2768
98 2768
99 2768
100 2768
101 2776
102 2776
103 2784
104 2788
105 2788
106 2836
107 2836
108 2836
109 2836
110 2868
111 2876
112 2876
113 2908
114 2908
115 2908
116 2920
117 2920
118 2920
119 2920
120 2924
121 2936
122 2952
123 2980
124 2984
125 2988
126 2996
127 2996
128 2996
129 2996
130 2996
131 3004
132 3004
133 3004
134 3004
135 3004
136 3012
137 3012
138 3012
139 3024
140 3024
141 3032
142 3032
143 3032
144 3032
145 3032
146 3040
147 3040
148 3040
149 3040
150 3040
151 3048
152 3048
153 3048
154 3048
155 3048
156 3060
157 3060
158 3060
159 3060
160 3064
161 3072
162 3072
163 3072
164 3072
165 3076
166 3084
167 3084
168 3088
169 3088
170 3088
171 3112
172 3112
173 3112
174 3112
175 3112
176 3120
177 3120
178 3124
179 3124
180 3124
181 3132
182 3132
183 3132
184 3132
185 3132
186 3140
187 3148
188 3148
189 3148
190 3148
191 3156
192 3156
193 3156
194 3156
195 3156
196 3164
197 3164
198 3164
199 3168
200 3168
201 3176
202 3176
203 3276
204 3276
205 3276
206 3320
207 3328
208 3328
209 3328
210 3356
211 3364
212 3404
213 3416
214 3416
215 3516
216 3588
217 3588
218 3588
219 3588
220 3596
221 3604
222 3604
223 3604
224 3604
225 3624
226 3632
227 3632
228 3644
229 3644
230 3644
231 3652
232 3656
233 3656
234 3656
235 3656
236 3664
237 3672
238 3672
239 3672
240 3672
241 3680
242 3680
243 3680
244 3680
245 3680
246 3692
247 3692
248 3692
249 3692
250 3692
251 3700
252 3700
253 3700
254 3700
255 3700
256 3708
257 3708
258 3716
259 3716
260 3720
261 3728
262 3728
263 3728
264 3728
265 3728
266 3736
267 3736
268 3736
269 3744
270 3744
271 3752
272 3752
273 3752
274 3752
275 3752
276 3760
277 3760
278 3760
279 3764
280 3764
281 3772
282 3772
283 3776
284 3776
285 3776
286 3784
287 3784
288 3784
289 3784
290 3808
291 3820
292 3820
293 3820
294 3820
295 3820
296 3828
297 3828
298 3828
299 3828
300 3828
301 3852
302 3852
303 3852
304 3852
305 3856
306 3864
307 3864
308 3864
309 3864
310 3864
311 3872
312 3872
313 3872
314 3872
315 3872
316 3880
317 3880
318 3888
319 3888
320 3888
321 3896
322 3896
323 3896
324 3896
325 3896
326 3904
327 3908
328 3908
329 3908
330 3908
331 3916
332 3916
333 3916
334 3916
335 3916
336 3924
337 3924
338 3924
339 3924
340 3928
341 3936
342 3936
343 3936
344 3936
345 3936
346 3944
347 3944
348 3944
349 3944
350 3948
351 3956
352 3956
353 3956
354 3956
355 3956
356 3964
357 3964
358 3964
359 3964
360 3964
361 3972
362 3972
363 3972
364 3976
365 3976
366 3984
367 3984
368 3988
369 3988
370 3988
371 3996
372 3996
373 3996
374 3996
375 3996
376 4004
377 4004
378 4004
379 4004
380 4008
381 4016
382 4016
383 4016
384 4016
385 4016
386 4024
387 4024
388 4028
389 4028
390 4028
391 4036
392 4036
393 4036
394 4036
395 4036
396 4044
397 4044
398 4044
399 4044
400 4048
401 4056
402 4056
403 4056
404 4056
405 4056
406 4064
407 4064
408 4064
409 4064
410 4064
411 4072
412 4072
413 4072
414 4072
415 4072
416 4080
417 4080
418 4080
419 4080
420 4080
421 4088
422 4088
423 4088
424 4088
425 4088
426 4096
427 4096
428 4096
429 4096
430 4096
431 4104
432 4104
433 4104
434 4104
435 4104
436 4112
437 4112
438 4112
439 4112
440 4112
