1 3432
2 3432
3 3432
4 3432
5 3432
6 3440
7 3440
8 3440
9 3440
10 3440
11 3448
12 3456
13 3456
14 3460
15 3472
16 3472
17 3472
18 3472
19 3472
20 3480
21 3480
22 3480
23 3480
24 3488
25 3488
26 3488
27 3488
28 3488
29 3496
30 3496
31 3496
32 3496
33 3496
34 3504
35 3508
36 3508
37 3508
38 3516
39 3516
40 3516
41 3516
42 3516
43 3524
44 3524
45 3524
46 3524
47 3532
48 3532
49 3532
50 3532
51 3532
52 3540
53 3540
54 3540
55 3540
56 3548
57 3548
58 3548
59 3548
60 3556
61 3556
62 3556
63 3556
64 3556
65 3564
66 3564
67 3564
68 3564
69 3572
70 3572
71 3576
72 3576
73 3576
74 3584
75 3584
76 3584
77 3588
78 3596
79 3596
80 3596
81 3596
82 3596
83 3608
84 3608
85 3608
86 3608
87 3616
88 3616
89 3616
90 3616
91 3624
92 3624
93 3624
94 3624
95 3624
96 3632
97 3632
98 3632
99 3632
100 3640
101 3640
102 3640
103 3640
104 3648
105 3648
106 3648
107 3648
108 3656
109 3656
110 3656
111 3656
112 3660
113 3668
114 3668
115 3668
116 3668
117 3676
118 3676
119 3676
120 3676
121 3684
122 3684
123 3684
124 3684
125 3692
126 3692
127 3692
128 3692
129 3700
130 3700
131 3700
132 3700
133 3700
134 3708
135 3708
136 3708
137 3708
138 3716
139 3716
140 3716
141 3716
142 3724
143 3728
144 3728
145 3728
146 3728
147 3748
148 3748
149 3748
150 3748
151 3760
152 3760
153 3760
154 3760
155 3760
156 3772
157 3772
158 3772
159 3776
160 3784
161 3784
162 3784
163 3784
164 3792
165 3792
166 3792
167 3792
168 3804
169 3804
170 3804
171 3804
172 3804
173 3816
174 3816
175 3816
176 3820
177 3828
178 3828
179 3828
180 3828
181 3828
182 3836
183 3836
184 3836
185 3836
186 3836
187 3844
188 3848
189 3852
190 3852
191 3864
192 3864
193 3864
194 3864
195 3872
196 3872
197 3872
198 3872
199 3872
200 3880
201 3880
202 3880
203 3880
204 3888
205 3900
206 3900
207 3900
208 3900
209 3908
210 3908
211 3912
212 3912
213 3912
214 3920
215 3924
216 3924
217 3924
218 3932
219 3932
220 3944
221 3948
222 3948
223 3956
224 3956
225 3956
226 3956
227 3964
228 3964
229 3964
230 3964
231 3964
232 3972
233 3972
234 3972
235 3972
236 3980
237 3980
238 3980
239 3980
240 3980
241 3988
242 3988
243 3988
244 3988
245 4000
246 4000
247 4000
248 4000
249 4000
250 4008
251 4008
252 4008
253 4012
254 4020
255 4020
256 4020
257 4020
258 4028
259 4028
260 4028
261 4028
262 4028
263 4036
264 4036
265 4036
266 4036
267 4036
268 4044
269 4044
270 4044
271 4044
272 4052
273 4052
274 4052
275 4060
276 4060
277 4068
278 4068
279 4068
280 4076
281 4084
282 4084
283 4084
284 4084
285 4084
286 4092
287 4092
288 4092
289 4092
290 4100
291 4100
292 4100
293 4100
294 4100
295 4108
296 4108
297 4108
298 4108
299 4108
300 4116
301 4116
302 4116
303 4116
304 4128
305 4128
306 4128
307 4128
308 4128
309 4136
310 4136
311 4136
312 4136
313 4144
314 4148
315 4148
316 4148
317 4148
318 4160
319 4160
320 4160
321 4160
322 4172
323 4172
324 4172
325 4172
326 4172
327 4180
328 4180
329 4180
330 4180
331 4188
332 4188
333 4188
334 4188
335 4188
336 4196
337 4196
338 4196
339 4196
340 4200
341 4212
342 4212
343 4212
344 4212
345 4228
346 4228
347 4228
348 4228
349 4236
350 4236
351 4236
352 4236
353 4236
354 4244
355 4244
356 4244
357 4244
358 4244
359 4252
360 4252
361 4252
362 4252
363 4252
364 4260
365 4260
366 4260
367 4260
368 4268
369 4268
370 4268
371 4268
372 4268
373 4276
374 4276
375 4276
376 4280
377 4288
378 4288
379 4288
380 4288
381 4288
382 4296
383 4296
384 4296
385 4296
386 4296
387 4304
388 4304
389 4304
390 4304
391 4312
392 4312
393 4312
394 4312
395 4320
396 4320
397 4320
398 4320
399 4320
400 4328
401 4328
402 4328
403 4328
404 4336
405 4336
406 4340
407 4340
408 4340
409 4352
410 4352
411 4352
412 4352
413 4360
414 4360
415 4360
416 4360
417 4360
418 4368
419 4368
420 4368
421 4368
422 4376
423 4376
424 4376
425 4376
426 4376
427 4384
428 4384
429 4384
430 4384
431 4392
432 4392
433 4392
434 4396
435 4404
436 4404
437 4404
438 4404
439 4404
440 4412
441 4412
442 4412
443 4412
444 4420
445 4420
446 4420
447 4420
448 4428
449 4428
450 4428
451 4428
452 4428
453 4436
454 4436
455 4436
456 4436
457 4444
458 4448
459 4448
460 4448
461 4448
462 4456
463 4456
464 4456
465 4456
466 4464
467 4464
468 4464
469 4464
470 4472
471 4472
472 4472
473 4472
474 4472
475 4480
476 4480
477 4480
478 4480
479 4488
480 4488
481 4492
482 4492
483 4492
484 4504
485 4504
486 4504
487 4504
488 4512
489 4512
490 4512
491 4512
492 4520
493 4520
494 4520
495 4524
496 4528
497 4544
498 4576
499 4604
500 4708
501 4760
502 4764
503 4764
504 4772
505 4776
506 4784
507 4784
508 4804
509 4812
510 4820
511 4820
512 4820
513 4820
514 4820
515 4828
516 4828
517 4828
518 4828
519 4828
520 4836
521 4836
522 4836
523 4836
524 4836
525 4844
526 4844
527 4844
528 4844
529 4844
530 4852
531 4852
532 4852
533 4852
534 4852
535 4860
536 4860
537 4860
538 4860
539 4860
540 4868
541 4868
542 4868
543 4868
544 4868
545 4876
546 4876
547 4876
548 4876
549 4876
550 4884
551 4884
552 4884
553 4884
554 4884
555 4892
556 4892
557 4892
558 4892
559 4892
560 4900
561 4900
562 4900
563 4900
564 4900
565 4908
566 4908
567 4908
568 4908
569 4908
570 4916
571 4916
572 4916
573 4916
574 4916
575 4924
576 4924
577 4924
578 4924
579 4924
580 4932
581 4932
582 4932
583 4932
584 4932
585 4940
586 4940
587 4940
588 4940
589 4940
590 4948
591 4948
592 4948
593 4948
594 4948
595 4956
596 4956
597 4956
598 4956
599 4956
600 4964
601 4964
602 4964
603 4964
604 4964
605 4972
606 4972
607 4972
608 4972
609 4972
610 4980
611 4980
612 4980
613 4980
614 4980
615 4988
616 4988
617 4988
618 4988
619 4988
620 4996
621 4996
622 4996
623 4996
624 4996
625 5004
626 5004
627 5004
628 5004
629 5004
630 5012
631 5012
632 5012
633 5012
634 5012
635 5020
636 5020
637 5020
638 5020
639 5020
640 5028
641 5028
642 5028
643 5028
644 5028
645 5036
646 5040
647 5248
648 5312
649 5320
650 5328
