1 44
2 44
3 44
4 44
5 44
6 44
7 44
8 44
9 44
10 44
11 44
12 44
13 44
14 44
15 424
16 460
17 460
18 464
19 464
20 464
21 464
22 472
23 472
24 472
25 508
26 516
27 600
28 600
29 600
30 600
31 600
32 600
33 600
34 600
35 712
36 712
37 712
38 752
39 752
40 784
41 784
42 828
43 840
44 868
45 868
46 916
47 916
48 916
49 960
50 960
51 964
52 1004
53 1004
54 1032
55 1032
56 1052
57 1052
58 1068
59 1108
60 1108
61 1108
62 1132
63 1132
64 1336
65 1664
66 2444
67 2476
68 2476
69 2476
70 2476
71 2476
72 2476
73 2476
74 2476
75 2476
76 2476
77 2484
78 2484
79 2484
80 2484
81 2484
82 2484
83 2484
84 2484
85 2484
86 2484
87 2484
88 2484
89 2488
90 2488
91 2488
92 2488
93 2488
94 2488
95 2488
96 2488
97 2492
98 2492
99 2492
100 2492
101 2492
102 2492
103 2492
104 2496
105 2504
106 2504
107 2544
108 2544
109 2544
110 2576
111 2576
112 2576
113 2608
114 2608
115 2608
116 2608
117 2608
118 2608
119 2608
120 2616
121 2616
122 2668
123 2668
124 2676
125 2676
126 2676
127 2676
128 2676
129 2676
130 2676
131 2676
132 2676
133 2676
134 2676
135 2676
136 2676
137 2676
138 2676
139 2684
140 2684
141 2684
142 2684
143 2684
144 2684
145 2684
146 2684
147 2684
148 2684
149 2684
150 2684
151 2684
152 2684
153 2684
154 2688
155 2688
156 2688
157 2688
158 2688
159 2688
160 2688
161 2688
162 2688
163 2688
164 2688
165 2692
166 2692
167 2708
168 2708
169 2708
170 2708
171 2708
172 2708
173 2708
174 2708
175 2708
176 2708
177 2708
178 2708
179 2708
180 2708
181 2708
182 2708
183 2708
184 2708
185 2716
186 2716
187 2716
188 2716
189 2716
190 2716
191 2716
192 2716
193 2716
194 2716
195 2716
196 2716
197 2716
198 2716
199 2716
200 2716
201 2716
202 2716
203 2832
204 2832
205 2832
206 2844
207 2876
208 2876
209 2876
210 2908
211 2908
212 2908
213 2960
214 2960
215 2960
216 3096
217 3124
218 3124
219 3124
220 3124
221 3124
222 3132
223 3132
224 3132
225 3132
226 3132
227 3152
228 3152
229 3164
230 3164
231 3164
232 3164
233 3164
234 3164
235 3164
236 3164
237 3164
238 3172
239 3172
240 3172
241 3172
242 3172
243 3172
244 3172
245 3172
246 3176
247 3176
248 3176
249 3176
250 3176
251 3176
252 3176
253 3176
254 3176
255 3176
256 3176
257 3180
258 3180
259 3184
260 3184
261 3184
262 3184
263 3184
264 3184
265 3184
266 3184
267 3192
268 3192
269 3192
270 3192
271 3192
272 3192
273 3192
274 3192
275 3192
276 3196
277 3196
278 3196
279 3196
280 3196
281 3196
282 3196
283 3196
284 3196
285 3196
286 3196
287 3196
288 3224
289 3224
290 3224
291 3224
292 3224
293 3224
294 3224
295 3224
296 3224
297 3224
298 3224
299 3232
300 3236
301 3236
302 3236
303 3236
304 3236
305 3236
306 3236
307 3236
308 3236
309 3236
310 3236
311 3236
312 3236
313 3236
314 3236
315 3236
316 3236
317 3236
318 3236
319 3236
320 3236
321 3244
322 3244
323 3244
324 3244
325 3244
326 3244
327 3244
328 3244
329 3244
330 3244
331 3244
332 3244
333 3244
334 3244
335 3244
336 3244
337 3244
338 3244
339 3244
340 3244
341 3244
342 3244
343 3244
344 3244
345 3244
346 3248
347 3248
348 3248
349 3248
350 3248
351 3248
352 3248
353 3248
354 3248
355 3248
356 3248
357 3248
358 3248
359 3248
360 3248
361 3248
362 3248
363 3248
364 3248
365 3248
366 3248
367 3248
368 3252
369 3252
370 3252
371 3252
372 3252
373 3252
374 3252
375 3252
376 3252
377 3252
378 3252
379 3252
380 3252
381 3252
382 3252
383 3252
384 3252
385 3252
386 3256
387 3256
388 3256
389 3256
390 3256
391 3256
392 3256
393 3256
394 3256
395 3256
396 3256
397 3256
398 3256
399 3256
400 3256
401 3256
402 3256
403 3256
404 3256
405 3256
406 3256
407 3256
408 3260
409 3260
410 3260
411 3260
412 3260
413 3260
414 3260
415 3260
416 3260
417 3260
418 3260
419 3260
420 3260
421 3260
422 3260
423 3260
424 3260
425 3260
426 3260
427 3260
428 3260
429 3260
430 3260
431 3260
432 3260
433 3260
434 3260
435 3260
436 3260
437 3260
438 3260
439 3260
440 3260
441 3264
442 3264
443 3264
444 3264
445 3264
446 3264
447 3264
448 3264
449 3264
450 3264
451 3264
452 3264
453 3264
454 3264
455 3264
456 3264
457 3264
458 3268
459 3268
460 3268
461 3268
462 3268
463 3268
464 3268
465 3268
466 3268
467 3268
468 3268
469 3268
470 3268
471 3268
472 3268
473 3268
474 3268
475 3268
476 3268
477 3268
478 3268
479 3272
480 3272
481 3272
482 3272
483 3272
484 3272
485 3272
486 3272
487 3272
488 3272
489 3272
490 3272
491 3272
492 3272
493 3272
494 3272
495 3272
496 3272
497 3272
498 3272
499 3272
500 3272
501 3272
502 3272
503 3272
504 3272
505 3272
506 3272
507 3272
508 3272
509 3272
510 3272
511 3272
512 3272
513 3272
514 3272
515 3272
516 3272
517 3272
518 3272
519 3272
520 3272
521 3272
522 3272
523 3272
524 3272
525 3272
526 3272
527 3272
528 3272
529 3272
530 3272
531 3272
532 3272
533 3272
534 3272
535 3272
536 3272
537 3272
538 3272
539 3272
540 3272
541 3272
542 3272
543 3272
544 3272
545 3272
546 3272
547 3272
548 3272
549 3272
550 3272
551 3272
552 3284
553 3284
554 3284
555 3284
556 3284
557 3328
558 3328
559 3328
560 3328
561 3328
562 3328
563 3328
564 3328
565 3328
566 3328
567 3328
568 3328
569 3328
570 3328
571 3328
572 3328
573 3328
574 3328
575 3328
576 3328
577 3328
578 3328
579 3328
580 3328
581 3328
582 3328
583 3328
584 3328
585 3328
586 3328
587 3328
588 3328
589 3328
590 3328
591 3328
592 3328
593 3328
594 3328
595 3328
596 3328
597 3328
598 3328
599 3328
600 3328
601 3328
602 3328
603 3328
604 3328
605 3328
606 3328
607 3328
608 3328
609 3328
610 3328
611 3328
612 3328
613 3328
614 3328
615 3328
616 3328
617 3328
618 3328
619 3328
620 3328
621 3328
622 3328
623 3328
624 3328
625 3328
626 3328
627 3328
628 3328
629 3328
630 3328
631 3328
632 3328
633 3328
634 3336
