1 68
2 68
3 68
4 68
5 68
6 80
7 80
8 80
9 80
10 80
11 92
12 92
13 92
14 92
15 92
16 100
17 100
18 100
19 100
20 100
21 108
22 108
23 108
24 108
25 108
26 116
27 116
28 116
29 116
30 116
31 124
32 124
33 124
34 124
35 176
36 184
37 184
38 184
39 184
40 196
41 212
42 216
43 220
44 220
45 224
46 228
47 240
48 244
49 248
50 252
51 268
52 272
53 276
54 280
55 280
56 284
57 296
58 300
59 304
60 304
61 308
62 316
63 320
64 324
65 328
66 332
67 344
68 344
69 344
70 348
71 356
72 360
73 364
74 364
75 368
76 376
77 384
78 384
79 384
80 384
81 392
82 396
83 396
84 400
85 400
86 408
87 412
88 416
89 416
90 424
91 432
92 436
93 444
94 444
95 448
96 460
97 464
98 468
99 468
100 472
101 484
102 488
103 492
104 492
105 496
106 508
107 512
108 516
109 520
110 520
111 532
112 536
113 540
114 540
115 540
116 556
117 556
118 560
119 560
120 560
121 568
122 572
123 572
124 572
125 572
126 584
127 584
128 588
129 592
130 596
131 604
132 612
133 616
134 620
135 624
136 632
137 640
138 644
139 648
140 652
141 664
142 672
143 676
144 680
145 684
146 692
147 696
148 700
149 704
150 708
151 716
152 724
153 728
154 728
155 732
156 744
157 748
158 752
159 752
160 756
161 768
162 772
163 776
164 780
165 784
166 792
167 792
168 792
169 796
170 800
171 808
172 812
173 812
174 816
175 816
176 824
177 828
178 828
179 828
180 828
181 836
182 836
183 840
184 840
185 840
186 848
187 852
188 860
189 864
190 864
191 876
192 880
193 884
194 884
195 884
196 892
197 892
198 892
199 892
200 892
201 900
202 900
203 900
204 900
205 900
206 908
207 908
208 908
209 908
210 908
211 916
212 916
213 916
214 916
215 916
216 924
217 924
218 924
219 924
220 924
221 932
222 932
223 932
224 932
225 1004
226 1012
227 1012
228 1012
229 1012
230 1012
231 1020
232 1020
233 1020
234 1020
235 1020
236 1028
237 1028
238 1028
239 1028
240 1028
241 1036
242 1036
